184280376
210856941
209763960
216953691
220294767
228422210
245434161
238067057
247700093
249761509
241367937
246686106
255953077
262027506
260404318
263386051
266572071
254445937
268983765
267107155
282988741
272119355
287084140
279814528
284984563
293380386
285702548
312731930
311699543
307229039
308507866
324008484
325435944
317208480
324611008
337970621
324116437
323883411
335398224
343338448
348544690
356905873
356302634
372741085
373422796
375352608
361071645
361749783
362056447
376187177
363155331
369730802
372107734
374223206
375476081
391142944
380200858
394212927
377936748
386299720
